color1  = [0, 0.4470, 0.7410];          % Blue
color2  = [0.8500, 0.3250, 0.0980];     % Red
color3  = [0.9290, 0.6940, 0.1250];     % yellow
color4  = [0.4940, 0.1840, 0.5560];     % purple
color5  = [0.4660, 0.6740, 0.1880];     % green
color6  = [0.3010, 0.7450, 0.9330];     % blue2
color7  = [0.6350, 0.0780, 0.1840];     % red2

color1_ = [0  113.9850  188.9550];          % Blue
color2_ = [216.7500   82.8750   24.9900];   % Red
color3_ = [236.8950  176.9700   31.8750];   % Yellow
color4_ = [125.9700   46.9200  141.7800];   % Purple
color5_ = [118.8300  171.8700   47.9400];   % Green