% Set the RGB of the default color in matlab
RgbBlue = [0, 0.4470, 0.7410];
RgbRed = [0.8500, 0.3250, 0.0980];
RgbYellow = [0.9290, 0.6940, 0.1250];
RgbPurple = [0.4940, 0.1840, 0.5560];
RgbGreen = [0.4660, 0.6740, 0.1880];
RgbGray = [0.7,0.7,0.7];